$ 1 0.000005 10.20027730826997 50 5 43
196 32 176 192 176 0
196 208 176 240 176 0
196 416 176 304 192 0
196 608 176 656 176 0
154 80 -96 80 0 0 2 0 5
154 256 -96 256 0 0 2 5 5
154 464 -96 464 0 0 2 0 5
154 656 -96 656 0 0 2 5 5
L 784 -320 864 -320 0 0 false 5 0
L 608 176 608 -352 0 0 false 5 0
L 416 176 416 -352 0 1 false 5 0
L 208 176 208 -352 0 0 false 5 0
L 32 176 32 -336 0 1 false 5 0
L 64 -96 64 -336 0 0 false 5 0
L 240 -96 240 -352 0 1 false 5 0
L 448 -96 448 -352 0 0 false 5 0
L 640 -96 640 -352 0 1 false 5 0
w 96 -320 96 -96 0
w 272 -96 272 -256 0
w 480 -96 480 -320 0
w 672 -96 672 -320 0
w 272 -256 272 -320 0
w 784 -320 672 -320 0
w 672 -320 480 -320 0
w 480 -320 272 -320 0
w 272 -320 96 -320 0
w 704 176 784 176 0
w 784 176 784 320 0
w 784 320 416 320 0
w 416 240 416 320 0
w 512 176 544 176 0
w 544 176 544 336 0
w 544 336 208 336 0
w 208 240 208 336 0
w 304 176 336 176 0
w 336 176 336 352 0
w 32 240 32 352 0
w 128 176 160 176 0
w 160 176 160 368 0
w 80 0 16 0 0
w 16 0 16 208 0
w 16 208 32 208 0
w 256 0 192 0 0
w 192 0 192 208 0
w 192 208 208 208 0
w 464 0 400 0 0
w 400 0 400 208 0
w 400 208 416 208 0
w 656 0 592 0 0
w 592 0 592 208 0
w 592 208 608 208 0
w 608 240 608 416 0
w 608 416 816 416 0
w 816 416 816 -272 0
w 816 -272 784 -272 0
w 784 -320 784 -272 0
w 704 240 704 560 0
w 512 240 512 560 0
w 304 240 304 560 0
w 128 240 128 560 0
154 0 480 -112 480 0 2 0 5
w 0 464 32 464 0
w 32 464 32 368 0
w 160 368 32 368 0
w 16 368 -96 368 0
w 32 368 16 368 0
w 336 352 224 352 0
w 224 352 224 496 0
w 224 496 0 496 0
w 224 352 32 352 0
